7
Earth_Platform1.png
cliff1.png
flower1.png
grass1.png
no.png
platform1.png
rock1.png
19
0
Earth_Platform1.png
-1445.75 -418.301
0
1 1
0
Earth_Platform1.png
-730.548 -432.701
0
1 1
0
Earth_Platform1.png
35.0524 -449.501
0
1 1
0
Earth_Platform1.png
841.452 -437.501
0
1 1
0
Earth_Platform1.png
1549.45 -442.301
0
1 1
0
Earth_Platform1.png
1551.85 -29.5006
0
1 1
0
Earth_Platform1.png
805.452 -12.7006
0
1 1
0
Earth_Platform1.png
20.6524 28.0994
0
1 1
0
Earth_Platform1.png
-742.548 16.0993
0
1 1
0
Earth_Platform1.png
-1464.95 35.2993
0
1 1
0
Earth_Platform1.png
-1460.15 508.099
0
1 1
0
Earth_Platform1.png
-704.148 517.699
0
1 1
0
Earth_Platform1.png
15.8524 484.099
0
1 1
0
Earth_Platform1.png
848.652 491.299
0
1 1
0
Earth_Platform1.png
1635.85 484.099
0
1 1
0
Earth_Platform1.png
1218.25 265.699
0
1 1
0
Earth_Platform1.png
349.452 -156.701
0
1 1
0
Earth_Platform1.png
-413.748 253.699
0
1 1
0
Earth_Platform1.png
-1174.55 -166.301
0
1 1
0
0
24
0
rock1.png
-321 26.5
0
1 1
0
rock1.png
-140 26.5
0
1 1
0
rock1.png
41 24.5
0
1 1
0
rock1.png
453.661 22.5
0
1 1
0
rock1.png
636.661 22.5
0
1 1
0
rock1.png
823.661 19.5
0
1 1
0
rock1.png
-238.339 219.5
0
1 1
0
rock1.png
-72.339 223.5
0
1 1
0
rock1.png
104.661 222.5
0
1 1
0
rock1.png
279.661 222.5
0
1 1
0
rock1.png
461.661 220.5
0
1 1
0
rock1.png
644.661 219.5
0
1 1
0
rock1.png
828.724 219.1
0
1 1
0
rock1.png
1011.18 218.1
0
1 1
0
rock1.png
-414.839 219.1
0
1 1
0
rock1.png
-594.839 217.1
0
1 1
0
rock1.png
820.231 -169.906
0
1 1
0
rock1.png
636.231 -169.906
0
1 1
0
rock1.png
453.231 -173.906
0
1 1
0
rock1.png
274.231 -176.906
0
1 1
0
rock1.png
95.2312 -176.906
0
1 1
0
rock1.png
-90.7688 -179.906
0
1 1
0
rock1.png
-272.769 -179.906
0
1 1
0
rock1.png
-453.769 -180.906
0
1 1
30
0
grass1.png
-451.739 -217.906
0
1 1
0
grass1.png
-270.739 -218.906
0
1 1
0
grass1.png
-85.739 -216.906
0
1 1
0
grass1.png
100.261 -216.906
0
1 1
0
grass1.png
287.261 -217.906
0
1 1
0
grass1.png
473.261 -215.906
0
1 1
0
grass1.png
662.261 -218.906
0
1 1
0
grass1.png
815.126 -213.906
0
1 1
0
grass1.png
821.126 -20.8025
0
1 1
0
grass1.png
632.126 -19.8024
0
1 1
0
grass1.png
451.126 -20.8025
0
1 1
0
grass1.png
37.1256 -14.8024
0
1 1
0
grass1.png
-154.874 -18.8024
0
1 1
0
grass1.png
-313.874 -17.8025
0
1 1
0
grass1.png
-591.442 182.048
0
1 1
0
grass1.png
-403.442 178.048
0
1 1
0
grass1.png
-226.442 181.048
0
1 1
0
grass1.png
-65.4416 181.048
0
1 1
0
grass1.png
120.558 179.048
0
1 1
0
grass1.png
306.087 181.048
0
1 1
0
grass1.png
495.853 181.048
0
1 1
0
grass1.png
679.853 177.048
0
1 1
0
grass1.png
861.853 182.048
0
1 1
0
grass1.png
1004.85 180.048
0
1 1
0
flower1.png
856.264 -246.952
0
1 1
0
flower1.png
515.264 -246.952
0
1 1
0
flower1.png
-171.736 -250.952
0
1 1
0
flower1.png
-152.736 -51.9517
0
1 1
0
flower1.png
259.264 150.048
0
1 1
0
cliff1.png
1081.48 -264.656
0
1 1
0
10
1
2
3
1164.24 -346.901
1007.24 -343.901
1089.24 -210.901
0 0
0
1 1
0
0
2
987.239 -356.901
1173.24 -356.901
0 0
0
1 1
0
1
2
907.418 -233.909
-547.624 -233.909
0 0
0
1 1
2
3
4
-410.102 -38.2505
-410.702 79.9495
124.498 76.9495
127.498 -33.4504
0 0
0
1 1
2
3
4
359.915 -40.0504
361.715 75.7495
908.915 73.3495
911.915 -39.4504
0 0
0
1 1
2
0
4
-686.059 159.149
-685.459 271.949
1090.34 271.949
1095.74 162.149
0 0
0
1 1
2
0
4
-546.204 -230.801
-544.404 -130.601
896.495 -130.601
903.096 -229.601
0 0
0
1 1
0
4
2
-2175.41 710.407
2129.59 635.407
0 0
0
1 1
0
4
2
1548 639.207
1519.5 -487.293
0 0
0
1 1
0
4
2
-1118.66 689.354
-1160.66 -437.146
0 0
0
1 1
