7
Earth_Platform1.png
cliff1.png
flower1.png
grass1.png
no.png
platform1.png
rock1.png
8
0
Earth_Platform1.png
-674 175
180.349
3.99427 3.99427
0
Earth_Platform1.png
544 -179
0
5.16896 5.16896
0
Earth_Platform1.png
-363.339 -285
0
6.21478 6.21478
0
Earth_Platform1.png
382.661 207
179.637
5.27989 5.27989
0
rock1.png
-85.3393 961
0
10.5616 10.5616
0
rock1.png
44.6607 -1224.32
0
13.4647 13.4647
0
rock1.png
1622.09 3.29124
113.696
9.20948 9.20948
0
rock1.png
-1380 43.2912
243.737
7.11693 7.11693
0
0
7
0
rock1.png
668.26 -417.744
0
1 1
0
rock1.png
851.329 -413.921
0
1 1
0
rock1.png
1037.93 -528.712
0
1 1
2
no.png
337.809 -158.552
0
1 1
3
2
door1
no.png
1083.41 -636.752
0
1 1 
3
3
door1 
world2 
no.png
1271.94 -177.152
0
1 1
3
1
flower1.png
128.85 -425.152
0
1 1
50
0
rock1.png
7.89992 -90.6499
0
1 1
0
rock1.png
-167.3 -90.6499
0
1 1
0
rock1.png
-348.5 -90.6499
0
1 1
0
rock1.png
687.359 -85.2499
0
1 1
0
rock1.png
864.959 -83.4499
0
1 1
0
rock1.png
1042.61 -82.8499
0
1 1
0
rock1.png
1222.84 -83.4499
0
1 1
0
rock1.png
73.3 104.1
0
1 1
0
rock1.png
-109.1 107.1
0
1 1
0
rock1.png
-286.1 105.3
0
1 1
0
rock1.png
-461.9 104.7
0
1 1
0
rock1.png
-643.51 102.3
0
1 1
0
rock1.png
254.36 105.3
0
1 1
0
rock1.png
430.97 104.7
0
1 1
0
rock1.png
610.573 102.3
0
1 1
0
rock1.png
790.328 104.1
0
1 1
0
rock1.png
972.535 101.7
0
1 1
0
rock1.png
1158.61 102.9
0
1 1
0
rock1.png
1335.33 101.1
0
1 1
0
rock1.png
-448.143 -295.107
0
1 1
0
rock1.png
-268.143 -323.907
160.022
1 1
0
rock1.png
-95.9494 -351.555
0
1 1
0
rock1.png
79.8506 -350.355
0
1 1
0
grass1.png
-97.1494 -392.685
0
1 1
0
grass1.png
90.0506 -395.085
0
1 1
0
grass1.png
-271.749 -363.285
340.906
1 1
0
grass1.png
-445.409 -331.014
0
1 1
0
grass1.png
-342.702 -130.209
0
1 1
0
grass1.png
-167.849 -130.809
0
1 1
0
grass1.png
6.15055 -128.409
0
1 1
0
grass1.png
690.022 -122.409
0
1 1
0
grass1.png
872.328 -122.409
0
1 1
0
grass1.png
1060.73 -121.809
0
1 1
0
grass1.png
1218.78 -120.609
0
1 1
0
grass1.png
1331.58 66.1506
0
1 1
0
grass1.png
1146.78 64.9506
0
1 1
0
grass1.png
955.897 64.9505
0
1 1
0
grass1.png
765.223 65.5505
0
1 1
0
grass1.png
574.419 66.1506
0
1 1
0
grass1.png
388.064 66.1506
0
1 1
0
grass1.png
198.66 66.1506
0
1 1
0
grass1.png
11.3498 66.1506
0
1 1
0
grass1.png
-180.703 66.1506
0
1 1
0
grass1.png
-360.15 66.1506
0
1 1
0
grass1.png
-552.703 66.1506
0
1 1
0
grass1.png
-641.431 66.1506
0
1 1
0
grass1.png
916.727 -513.112
309.806
1 1
0
grass1.png
1055.33 -580.312
0
1 1
0
grass1.png
846.527 -449.512
0
1 1
0
grass1.png
668.927 -454.312
0
1 1
0
15
2
0
4
576.858 -474.7
579.858 -365.5
935.658 -362.5
937.458 -466.9
0 0
0
1 1
1
0
3
956.658 -598.299
849.258 -466.9
960.258 -463.9
0 0
0
1 1
2
0
4
957.682 -598.378
961.282 -471.178
1138.88 -475.678
1147.58 -601.978
0 0
0
1 1
2
0
4
171.749 -411.982
-190.651 -411.382
-187.051 -295.882
166.649 -294.982
0 0
0
1 1
1
1
3
-190.908 -411.08
-359.508 -348.68
-189.408 -298.58
0 0
0
1 1
2
0
4
-538.433 -349.781
-537.233 -241.481
-364.133 -242.381
-360.233 -347.981
0 0
0
1 1
2
3
4
-437.008 -149.655
-437.008 -41.7495
92.5602 -41.7495
92.5602 -144.655
0 0
0
1 1
2
3
4
1303.85 -136.255
597.963 -136.255
597.963 -31.2496
1301.3 -31.2496
0 0
0
1 1
2
0
4
1296.06 47.7
-554.017 47.7
-554.017 149.052
1294.25 149.052
0 0
0
1 1
2
2
4
1299.05 49.0516
1301.05 146.652
1417.45 145.052
1414.65 50.6516
0 0
0
1 1
2
2
4
-556.981 50.7006
-730.181 52.3006
-726.981 149.501
-557.781 148.301
0 0
0
1 1
0
4
2
-921.331 -871.758
-919.631 438.942
0 0
0
1 1
0
4
2
-919.631 438.942
1579.37 359.042
0 0
0
1 1
0
4
2
1579.37 359.042
1565.77 -978.858
0 0
0
1 1
0
4
2
1565.77 -978.858
-926.431 -864.958
0 0
0
1 1
